-8.550918044031180498e-02,1.019796027255513889e-02,2.752511656695006970e-01,-5.048463511762227296e-02,-2.575580647135516238e-02,-1.128708758662274325e-01,-2.991584222297020892e-03,1.345193122061765986e-02,-2.078029690138024910e-01,2.794090335773028247e-03
-6.920560037215525706e-02,-6.251736466886645416e-02,1.686092134480670149e-02,-2.251799229468166019e-01,-3.050786051758562212e-01,-4.150244579329415845e-02,-1.230094897935594088e-02,-1.450959203049070716e-02,-2.067693969362887074e-01,-7.678698481886939153e-02
-1.474183997765687315e-01,-3.544438632263856304e-02,1.319276163235919563e-01,-2.019570068715309096e-03,-2.686322198242286352e-01,-1.458000349697514963e-01,-8.537833367048788813e-02,-2.775750023842064873e-02,-1.985436479396383569e-01,-1.443231443679468540e-01
-9.320876744945054415e-02,-1.454805447460377210e-01,-1.911498086841241506e-01,-2.327109409113237992e-01,-2.344919224218250664e-01,-1.771175904064663242e-02,9.765405153952526340e-02,3.905710282296585151e-02,-3.384010343100933293e-01,3.569473996223925666e-02
-2.843529724059679076e-02,-1.559611503353298305e-03,2.032700493171531730e-01,1.159945825185085613e-02,-4.912386882109539415e-02,-5.855026024562232784e-02,-1.000728328058483330e-01,-3.005052202214271093e-02,-2.327870238370309819e-01,-1.476006394496723502e-02
-3.691118489185114815e-02,-4.453703816444525010e-02,4.189186120372945243e-02,-2.492845031422406127e-02,-1.499932314007746958e-01,-1.257453699688212412e-01,-7.888660567015896852e-02,-5.017512814778970348e-02,-2.973300310433059646e-01,-8.108720329714064895e-03
-3.429467484404715577e-02,-4.001106066911210013e-02,2.168913386647047248e-01,-1.026315558641754805e-01,-2.123531023104000826e-01,-2.682326926584034377e-01,-1.973935681156014921e-01,-5.200425529561306798e-02,-2.394813602334053548e-01,5.515852787131958479e-02
-5.893284481586816975e-02,-1.517473759428828450e-01,7.176116008512886321e-03,-2.436862607344631171e-01,-1.621401599440829289e-01,-1.563323455430977102e-02,-1.601229322815366785e-01,-9.335285580519931195e-03,-3.440917079095525688e-01,2.822733224138151975e-02
-3.765878745676649875e-02,-9.754893804457015483e-02,-1.804570114705941197e-01,-4.472316558176268608e-01,-1.783975352521558200e-01,-1.625084646228396046e-01,-1.698003373316168685e-01,-1.749476668983390160e-01,-1.515454946085744714e-01,-2.814991165503486978e-02
-8.637331695947016857e-03,-8.160444599712596281e-02,-4.415349755371939661e-02,-3.291703593841088793e-01,-4.055754306822331179e-01,-1.744043797942217977e-01,6.303086669268206238e-03,-2.292774638140142318e-02,-2.095005741047460956e-01,-1.313566359012534844e-02
-1.513718651305748786e-01,-1.041400792504485195e-01,1.283056834340753627e-01,-8.783304825020402107e-02,-3.303526532536342764e-01,-6.196648346904957971e-02,6.035453959145444663e-02,-7.965936003689488842e-02,-4.761111763643505190e-01,-7.002674150565661032e-03
-1.002946632903999602e-01,-4.578082468954894346e-02,-1.431123690369426604e-01,-1.479054470025275292e-01,-2.519810694805635354e-01,-2.274849244534313808e-01,-2.463804480588432239e-02,6.873617394562327176e-02,-2.795814367837771708e-01,-1.029053130313857256e-01
-4.603519878100774398e-02,-4.372541081400142110e-02,-1.563069546900159312e-01,-1.494293466362733580e-01,-1.775716375890978582e-01,-2.210893559857462498e-01,-1.899924454916271377e-01,-8.751510453419428237e-02,-2.440227057381120224e-01,-1.525074273551341869e-02
-4.528084183270211782e-02,-1.420955250883201293e-01,3.698038409267314437e-04,-1.208244694042210632e-01,7.274967799074237573e-02,-9.360197180639973080e-02,-1.777983321632445879e-01,-2.551813630458532600e-02,-3.991559989722069934e-01,-6.565074029556838831e-02
-1.264750533296707911e-02,-1.004917473221306479e-01,2.201390762693918035e-01,-6.911578614456684137e-03,-9.060805997583780413e-02,-9.658438645877549800e-02,-1.300857290488944551e-01,-1.708800487936867896e-02,-3.060767341870417324e-01,-5.980796260243124995e-02
-7.226964404110464146e-02,-5.191963886234501196e-02,1.852666777490211969e-01,-1.359353807884765841e-01,-2.076816260839253470e-01,-1.303075187062128493e-01,-3.965345444966068139e-02,-1.188866694008427691e-02,-2.215768821293369051e-01,-5.298631391842287958e-02
-5.761342318098255921e-02,8.136221806119348088e-02,1.681689173452550479e-01,-3.755376826132209023e-02,-2.404349286720883216e-01,-1.708522625860953437e-01,-1.169784282936005421e-01,-5.061283962210712251e-02,-2.627912387801458749e-01,1.166596644942595115e-02
-3.250351404640417635e-02,-1.489557405162236503e-01,1.474997843828107502e-01,-1.787424700274080069e-01,-1.651009744880128083e-01,-5.828471134202688198e-02,7.273740424444821717e-02,7.149137016733682348e-02,-3.034920304193044482e-01,4.162801038241468327e-02
-9.166019712616081672e-02,-2.614258701157992984e-02,-7.990825032104634240e-02,-2.204082378398831421e-01,-3.036474844503068704e-01,-1.410567781829769884e-01,-3.753369064805497229e-02,-3.182856880258667226e-02,-3.600095974974361068e-01,-1.241493930611066859e-01
-1.259448980309010313e-01,1.472598319129329002e-02,1.637544105928936677e-01,-2.284678361900061849e-01,-3.633318281051573506e-01,-5.424023789063832368e-02,-1.003789903985023851e-01,-5.413822119224504827e-03,-2.951545739282581682e-01,1.199933096473583885e-02
8.616099868227757377e-03,1.271006409118092748e-02,-4.355583024349921062e-02,-4.092782416995220385e-01,-3.925737272272866729e-01,-1.538204143108871103e-01,-1.172047805627377953e-01,-7.956837043022314815e-02,-1.094173646836966995e-02,1.736255595862793225e-02
-1.495188483550791425e-01,-3.139522570113964777e-03,-8.138161267892299322e-02,-2.745062753906414299e-01,-2.075037822880373417e-01,-1.890510004620913620e-01,-1.965465864118571271e-01,-7.554561319803544672e-02,-9.752182933155244260e-02,4.037252919395139389e-02
1.039843707499677611e-02,-4.332103865877653254e-02,-1.734217441548981387e-01,-2.838800786754522298e-01,-2.016060514099159984e-01,-1.392317090932461698e-01,-4.269755767143058357e-03,-5.272632282751920502e-02,-6.214397268151244241e-02,3.478444327698341360e-02
-2.704073292221880961e-02,-4.229105759801921743e-02,-3.750956860899756079e-02,-3.344739604240412056e-01,-4.068232639662108241e-01,-2.822944812526582692e-01,-1.276703038498928910e-01,-2.566162714753095556e-02,1.448376951442338807e-02,6.170334373020099766e-02
-2.215096551543152548e-02,-1.876911935763554001e-02,1.985790607858728407e-02,-2.848390932865610403e-01,-3.013641558995579506e-01,-3.099350452875113127e-01,-1.515569566506165256e-01,2.192953439854765027e-02,-7.385101770025033485e-02,1.176023059599257299e-02
-1.421925079003067728e-02,-3.913542886736359749e-02,-6.785945955809384589e-02,-2.576618049268047383e-01,-2.884953953517734315e-01,-2.257170799012993834e-01,-1.195075435764361843e-01,-1.294804692584899386e-01,-1.032954352676443283e-01,4.840539736423329908e-02
-5.446387251085803294e-02,2.814093423542984515e-02,1.223802351044036979e-01,-2.121549748951968850e-01,-2.343490880092522488e-01,-2.097577953249421256e-01,-1.298404019158851952e-01,-7.698495769952158618e-02,-1.152149108945094980e-01,-3.829419043705326389e-03
-9.231765770254102277e-02,-5.279487278055941535e-02,-1.376975321051898959e-01,-1.469158173719386784e-01,-3.602952607673929331e-01,-2.865147750663843418e-01,-1.623768386869724467e-01,-1.336385722314448188e-01,-6.096484693938010457e-02,-7.575492013074915576e-04
6.732745800117592889e-03,-9.557896868359237134e-04,-8.242143746038477214e-02,-3.114972928951341702e-01,-3.613582382119157610e-01,-2.194003379335067450e-01,-4.739452578914234854e-02,2.160110883758421113e-02,1.739142349602586582e-02,5.483573364800460592e-02
1.004762702215614284e-01,-1.735678462888663037e-02,-3.257637521824622868e-03,-2.096532999581280088e-01,-3.243749449652240657e-01,-2.942141455154204666e-01,-1.862239238203425018e-01,1.069685645247555293e-02,-5.707665503149370045e-02,5.535581895265909852e-02
-1.290882303777472935e-02,1.152629654115842027e-02,-1.453297123205483377e-01,-2.091237991377933869e-01,-2.689375662813519030e-01,-1.124512115646845722e-01,-1.350651645740004736e-01,-4.874870127239246120e-02,-6.984538421597084878e-02,5.644598847055135732e-02
4.055387020722763664e-02,-1.611710497976926240e-02,-2.883276529902059279e-02,-1.401522297829562169e-01,-2.310127892507316261e-01,-2.535965367033540807e-01,-2.154261651871730576e-01,-2.374797085580997169e-01,-5.787416021032154578e-02,-4.442806771218889283e-02
2.069855906995425252e-02,-5.553427797749791589e-02,-2.225109147334590198e-01,-3.146260009779363043e-01,-3.747790140034668593e-01,-1.716547323942763659e-01,-5.815840055701181760e-02,3.127193029987612033e-02,-2.540721621357863724e-02,-2.567896518466974282e-02
-1.101840742664686110e-02,-4.554223187279853730e-02,-5.117578428561371517e-02,-3.020664142279656517e-01,-4.326771862468075658e-01,-2.340389354533140842e-01,-1.466501879728811242e-01,-1.073141224705536356e-01,-1.022770186584974900e-01,-7.176028442085734260e-02
3.403857466593121495e-02,-6.495809867382873470e-02,-4.176014744850266303e-02,-1.683681900276924881e-01,-3.650154523921412264e-01,-3.193689530935152066e-01,-1.564894928649620265e-01,-3.478953017833722600e-02,-8.850185715646879947e-02,2.948720785177418036e-02
1.101142992907009656e-02,-1.013761815993690224e-01,-6.718297590433476574e-02,-2.991422979758834866e-01,-4.470875624094509115e-01,-3.042071769324215524e-01,-1.112899941724880409e-01,-7.379739104762796272e-03,-2.193342481440012370e-02,-4.553703119950540910e-03
-5.920003345803533795e-02,-7.747274722363010728e-03,-8.667604516388183189e-02,-3.414216459821231564e-01,-3.494246270030938462e-01,-2.448432025442725257e-01,-1.178613071001949203e-01,-1.073829901100854661e-01,-7.450381177407998379e-02,2.877195780818887078e-02
-2.411151461156014336e-02,-3.346656589604925930e-02,-9.348662601093081503e-02,-3.142275106746720836e-01,-3.532864575008407004e-01,-2.843582533173283911e-01,-4.196090285137529102e-02,-2.911589011648890377e-02,-3.639506213098719217e-02,2.802839720077939314e-02
-2.220855968994635971e-02,-1.060447039475968974e-02,4.691637805426143032e-02,-1.537246725848458173e-01,-2.901457608933357135e-01,-2.077150840402108845e-01,-1.442975905689191374e-01,-1.017417215109713419e-01,-6.179842708816376401e-02,-1.243684902433759773e-02
4.939516690568998558e-02,2.313082607037564992e-02,-9.407712499842815768e-02,-2.917572256569038736e-01,-3.272278938817240190e-01,-2.630161366479282781e-01,-1.577656564963667019e-02,-6.203488555029899182e-02,-9.923912571752616096e-02,-7.348852948929344075e-04
1.617343166128702627e-03,-2.811362478336102907e-02,6.487317530813088186e-03,-1.224284687255727394e-01,-2.683393563842151330e-01,-2.631063403198589667e-01,-2.156477001319010156e-01,-1.491600314309197706e-01,-1.088932384890318877e-01,-5.348903687381786377e-03
-1.056572948975023629e-01,-1.006774907329676394e-01,-6.091870746490675448e-02,-2.794008074879191228e-01,-4.042247526604184626e-01,-2.479199349042803813e-01,-8.496280341150891369e-02,-4.123542629509297647e-02,-1.852347782351232708e-01,-5.163407473276032666e-02
1.473600976533089718e-02,-1.078589331000071316e-01,-1.882810395178990126e-01,-3.956773975290097667e-01,-2.295691103162246227e-01,-3.627888648568689672e-02,1.079761799303810693e-01,-2.259731634153111512e-01,2.338776871952696554e-02,-1.983058061900454597e-02
-5.603906297700572692e-02,-1.168071533502641340e-01,-1.231936149448259882e-01,-1.439552209135051830e-01,-2.829183625578478578e-01,-1.723503558114763690e-01,-6.630722674237299330e-02,-1.032375489441095112e-01,-2.068423904071890751e-01,-4.781781958166371471e-02
-5.073987379727720043e-02,-4.459114657006939264e-02,-1.053482451933412112e-01,-3.697372688302347221e-01,-3.768235985960799450e-01,-1.981296922564653451e-01,-5.245490374232043840e-02,-1.254558366385750134e-01,-1.502026001758434703e-01,-3.081345306319991859e-02
2.839589839652554085e-02,-2.332123220028885224e-02,-5.786968740407363171e-02,-1.674076109543428947e-01,-1.843818241616985709e-01,-1.229864462426928373e-01,-4.031745306027201964e-02,-9.136452279620339845e-02,-1.832847596551417657e-01,-1.465943498516063780e-02
-6.853687579132099195e-02,-3.150977478252307146e-02,-1.046385211033505069e-01,-3.887319426166048197e-01,-4.192248358433327549e-01,-2.561384312791207263e-01,-6.589538733481652144e-02,-2.420806804173011775e-03,-4.562594347993355337e-02,-4.297276911919244158e-02
6.416512870594130724e-03,-4.834090540830561500e-02,-8.094702665092136373e-02,-1.923370702806322941e-01,-3.066532215359973335e-01,-3.932078855796166672e-01,-1.174806620193812462e-01,-8.947607268411507386e-02,-1.444354034441388823e-01,1.514300856245686354e-02
-1.289445701105729203e-02,2.087524884352437438e-02,-1.637960753548951542e-01,-3.846144547509349754e-01,-3.849355672184192056e-01,-8.292688389337825317e-02,-8.144664154244322940e-02,-9.902814009832354436e-02,-1.068981592626818411e-01,-5.550652331351364072e-02
-2.815720461879957573e-02,6.306351084006022595e-03,-7.346930729029095553e-02,-2.559263515740645700e-01,-4.644245310544969363e-01,-2.534532504581877843e-01,-9.345457370468414349e-02,-3.282448410072601186e-02,-7.971978885413735783e-02,-1.270169149037984023e-02
-5.143140498327838928e-02,-4.948094741138822292e-03,-1.100845279913555269e-01,-3.901542178454868726e-01,-3.600625527470311948e-01,-1.387692944708621423e-01,-7.443946142228304030e-02,-1.026800572284947283e-01,-1.229906738295471341e-01,3.200453389199900411e-02
-5.063258707722886193e-02,-1.148779797407846054e-01,-2.211224994250294285e-01,-3.485006631962297430e-01,-3.038673795421595880e-01,-1.712903697428387328e-01,-1.056097050451176300e-01,-1.102658752382915802e-01,-1.805914941797009954e-01,-1.358412082471889375e-02
-2.423028535710112716e-02,-5.778213189441031364e-03,-6.278563696817321405e-02,-2.810757110888918997e-01,-3.575546730268400752e-01,-2.414126303907433158e-01,-9.172163927541693296e-02,-1.567904716822026701e-01,-1.245999567992884943e-01,3.728283589231597139e-02
-8.021611233168313149e-02,-2.887501374977571172e-02,-4.601543806494481914e-02,-2.869893595824706267e-01,-3.606124070155080630e-01,-2.264747413636118700e-01,-7.060487047379736258e-02,-1.239432225593631171e-01,-5.668759090620677926e-02,-9.701327775999225855e-03
-3.554897896519792350e-02,-6.574963490279790712e-02,-9.706004154209824097e-02,-4.091644240237938268e-01,-3.521644480229355056e-01,-1.923765925096588003e-01,-4.459104735197616520e-02,-1.100054988013385304e-01,-1.514271907317591148e-01,-1.409448839732969395e-02
-8.080657973521464255e-02,-1.066452564355923303e-02,4.782553836284176609e-03,-3.736802844773535748e-01,-4.084950423936901664e-01,-2.942704508093200721e-01,-8.430444702289327519e-02,-6.577990060019947571e-02,-1.234104230103167804e-01,2.038923569297783692e-02
-1.102374616135595557e-02,6.252438911324396942e-02,-1.602147639677035384e-01,-2.547120266646605291e-01,-2.246189473468535036e-01,-1.502443747795552675e-01,-4.607407655187437806e-02,-2.128105791277008080e-02,-7.935891017904536660e-02,3.570730414535919217e-02
-1.473759597698602770e-02,-4.694178881224822519e-02,-2.613136952938630020e-01,-4.269205821171189186e-01,-2.622271654219950898e-01,-6.915490149668594710e-02,-8.284282153077540678e-02,-4.111137601638616829e-02,-1.408956710688828995e-01,6.949211408780295307e-02
-5.589121700553627281e-02,-1.097075481853370116e-01,-6.108539125140172860e-02,-3.065468623632494061e-01,-3.764518195271335244e-01,-1.376060138504944519e-01,-8.571188350299750736e-02,-1.322087406583303537e-01,-2.101645210877760850e-01,-4.388211537641656390e-03
1.412493603556925700e-02,-8.207746587847827846e-02,-2.737042701606048345e-01,-3.654586282497190308e-01,-2.961608397573901041e-01,-1.307613288434039400e-01,-6.812358543005446465e-02,-5.885629668493308486e-02,-1.369819597737925998e-01,2.122026212101752254e-02
2.995040066502677178e-02,1.345744993089413033e-01,1.762926297384160013e-01,1.872659688551756019e-01,4.808421731831431789e-02,4.309076706601731171e-02,6.115050603322810113e-02,1.139678775839077784e-01,3.380817703002446384e-02,-3.645873428883338735e-02
3.762636502312350500e-02,9.977159270599125773e-02,1.021114948744888534e-01,1.737860813461503395e-01,1.693201199870591478e-01,8.696436702057647183e-02,4.151294886732756484e-02,6.657147270314013598e-02,-4.204064296993426098e-02,-3.905400490432221067e-02
2.023907605694403450e-02,9.826980112134924006e-02,1.366719211078780694e-01,1.730127794291723975e-01,1.590475000340731138e-01,9.820372986254305436e-02,5.104655148142948212e-02,1.599869552136373163e-01,-3.622851456391452951e-02,-1.278743733907137907e-02
5.378591367376598514e-02,6.039706634326683088e-02,6.006352586552363843e-02,1.338582336950051022e-01,1.697010902326002435e-01,1.680130707298423121e-01,-6.699510373637619426e-04,1.255670433393179242e-01,-7.406090787112626535e-03,2.917064428696638720e-02
2.719698111704663829e-02,9.377180036365481697e-02,5.355811207717024042e-02,1.640186077225352368e-01,1.336198945364147905e-01,8.438489929005088541e-02,9.002140896767972522e-02,8.646503900088611805e-02,-2.671613012639454873e-02,4.239030281632939767e-02
9.750483991652793628e-03,1.390444340909827159e-01,6.527574070533411106e-03,3.619692808225758451e-01,2.571526159789879751e-01,1.552285671781440390e-01,-4.791711544352665088e-03,-7.862454053095681294e-02,-3.631802166763025141e-01,-1.625538746249585373e-02
1.731335267689714311e-02,6.243801306676413643e-02,8.136951619387340628e-02,1.108455159521281319e-01,1.383049364009283633e-01,1.332120312823885933e-01,4.669956052398357982e-02,4.357974130959802600e-02,2.162288290815034958e-02,-3.109580955038047153e-03
-1.884595041789909053e-01,-1.995583438465899778e-02,1.696942857142473282e-01,6.863714694530466918e-03,7.783604839955518551e-02,5.466013657894961547e-02,2.674992660384324927e-01,4.951854126768930053e-02,-3.390091666736005371e-01,6.219758598913743830e-02
3.280303956722074865e-02,7.281332791114542013e-02,5.787781191869512121e-02,1.032602499473186802e-01,1.710383105492776223e-01,2.280579478865678855e-01,1.971722830976172999e-02,4.300366057992842383e-02,2.951191113774814800e-02,3.247531393828390761e-02
-5.099438326798354237e-02,-2.471265591199774125e-02,3.277355557505231415e-02,3.331508035012786112e-02,-6.601783913088037081e-02,-4.347632159980623946e-03,1.622910515924949892e-01,4.151479924193141047e-02,-8.903275930457292542e-02,1.665830152170638331e-02
3.456504012229826700e-02,1.027051188102280355e-01,1.053591125868232614e-01,1.678362937992407822e-01,2.516336550457606291e-01,2.080821390918476121e-01,7.132105608044687906e-02,2.137722013543320431e-03,-8.643531486347375004e-02,2.020150291589142832e-02
4.299118091225830746e-02,1.370556528653753825e-01,1.904650671413981866e-01,2.506863889294264069e-01,3.226271860157393090e-01,1.992244130269355817e-01,-3.424653021239060149e-03,4.836519991172871097e-02,-9.050574348354227527e-02,-3.520445139507576843e-02
-6.243773591695762903e-02,-2.901960615126384507e-02,4.758339872084081656e-02,1.002185623670342057e-01,6.139611357686437093e-02,4.785470117142955754e-02,1.631723834869280021e-01,5.759047407828395831e-02,-5.404846840946576914e-02,2.893685416784548201e-02
4.375003711283348418e-02,7.360854011018612419e-02,9.561516037177381078e-02,9.225265346352830298e-02,1.364862350900393761e-01,1.159771289158831875e-01,7.678167200744361043e-02,7.811492534174127589e-02,-1.569693586921006847e-03,5.314002441037134726e-03
-4.357821129898880458e-02,6.868146163348513855e-03,2.471527528280168667e-02,1.085323558498310914e-01,3.504350034549968268e-02,3.574710699019777865e-02,1.681957550713271687e-01,9.515723480488334773e-02,-7.763175198741281702e-02,2.213976853467334097e-02
5.086395355850798633e-02,9.199584544482100612e-02,1.048198115621612192e-01,1.556521175167666915e-01,1.280795713335371178e-01,1.035087529396146733e-01,5.322149153929488924e-03,9.571247552287412419e-02,2.742678093784701662e-02,-2.811315525610860386e-03
-1.355014580213752540e-01,-1.305569761427889108e-01,6.095300406259079005e-03,1.059400929667924651e-01,5.171351376654752946e-02,7.799175130193762573e-02,6.999396749607346424e-02,4.007900590414228276e-02,-2.735689128992301322e-01,-7.449182768944564992e-02
3.280385191164725267e-02,7.034670266908109315e-02,7.631164384484520613e-02,1.395682964917775992e-01,1.717587190723440793e-01,1.275664118394973789e-01,1.157306757137030878e-01,-1.722401666422463187e-02,-3.919739648083997441e-02,-1.347030379725175277e-03
-1.243709756923723486e-02,1.351252123269077766e-02,4.247341147661566618e-02,9.216552350328005572e-02,3.490841063538977634e-02,2.814357531798704695e-02,1.016404312918589847e-01,6.303411652780820107e-02,-1.926535051460302739e-02,-4.825618298529518214e-03
-7.776011979196552348e-02,7.306488851000680386e-03,8.165045130822078112e-02,6.733172415481922246e-02,7.159967450176621395e-02,1.969829104847148904e-01,3.324116359247679398e-02,2.934114161719098002e-04,-3.705044634140887416e-02,4.594442303479247605e-03
-5.680278084343752532e-02,3.619357386871951965e-02,1.223549317105393497e-01,-1.353807420577811393e-02,-1.115565065695919497e-02,2.503507863608440617e-02,-1.956112717376252974e-02,-1.961857744105383397e-02,-7.919838084187198757e-02,-7.461206056783910865e-04
-3.127153954761529436e-02,2.228517187988232964e-02,1.343527632871852617e-01,5.543167107361467866e-02,-1.102584599017118402e-02,2.554207787949240305e-01,5.101069787834201091e-02,2.003972021229463631e-03,-2.631351159163059297e-02,9.203293061035459433e-05
-6.568112686394760036e-02,-1.717500172485766571e-02,1.683435185743069416e-03,4.751026600642858227e-02,6.000155378042264925e-02,1.235995285115708969e-01,2.302005039325998731e-02,1.704267795923395182e-02,-4.486648879255061839e-02,1.176427929726216182e-02
-2.538596209952559413e-02,1.252029575147147779e-02,2.835315401938806254e-02,2.448017969575830635e-02,1.302047838048777176e-02,4.081336813744127628e-02,5.166315910843930111e-03,2.785137123039338729e-03,-1.446125927231765342e-02,-1.071643769431264784e-02
-3.502286978972268122e-02,-3.070365923613550688e-04,3.379070197979221202e-02,4.705676479312447674e-02,9.478121996412140760e-02,1.232662505430532074e-01,1.242260446130898088e-02,4.404355243349223487e-02,-4.747463508921468539e-02,3.258461645731024203e-02
-3.799705545708233212e-02,1.392527572595053664e-02,1.364159511197630785e-02,3.423771035325982523e-03,4.965527792910270910e-02,3.828288902136634669e-02,2.477461463964499011e-02,2.414573598335648108e-02,-5.132554470736652025e-03,9.005763417412672098e-03
-2.491592916275155861e-02,4.411179612434990710e-02,5.638054449593247336e-02,2.656073083866261966e-02,-3.264741335022379887e-03,-1.538782700679846779e-02,-3.481100781625041246e-02,-3.973800206259338330e-02,-3.868190795302406393e-02,-1.973944368386547007e-02
-1.940167947288166939e-02,1.683654042177518779e-03,-1.561552534173827255e-03,5.060680128461183223e-03,9.659870135198188670e-03,3.420812727516364671e-02,2.026527802388823542e-03,4.212095190135270277e-03,-1.521860904669313820e-02,2.954737415644262746e-03
-1.894012506294305911e-02,2.810758690124247686e-03,4.320453764653830325e-02,5.638213000542049991e-02,1.567264618340520783e-03,2.553863738257594607e-02,4.285973486252965536e-02,2.542059383102078518e-02,-1.318697098806531111e-02,-2.690576925617629497e-03
-5.237310814761933497e-02,-2.108521840772119987e-02,4.327916344952128722e-03,2.520976218661652446e-02,2.652207640222595253e-02,8.084369519579318042e-02,7.779134148438708596e-02,-3.050203199425228964e-03,-4.139176944225107097e-02,-3.226435409681468330e-02
-9.436535452568942106e-02,2.862232584844170633e-02,-2.651625988416338869e-02,-8.163425706375149193e-02,-1.400549639744035589e-03,8.341179214811535181e-02,-3.036324012871794223e-02,-1.324407861444023421e-02,-1.749496767680247256e-01,-2.228816112691744174e-03
-9.563070737765677620e-02,4.083346751311338341e-02,2.046160319121654858e-01,-9.605617942204036641e-02,-1.648681578368938749e-01,-5.071387429746393449e-02,1.848727673989442322e-01,-3.318168845577630643e-02,-1.532381888208929344e-01,-5.188543173133629283e-02
-2.275485910371445597e-02,-3.165563088721443791e-02,4.224379942131136455e-03,6.602361661505810886e-02,8.038228785168007040e-02,4.988792617669170898e-02,4.491592247244445557e-02,3.103317739808768641e-02,-5.273870099773172310e-03,-6.618411689178869614e-03
-1.138745962194705752e-01,-7.836100017445021826e-02,1.249076631883717786e-01,1.534192880459884778e-01,-8.719719318182310441e-02,-5.805405648133396546e-02,8.545223576364401746e-03,-5.521615647674445182e-02,-2.028747432299465858e-01,-2.169586767257329282e-02
-2.856529694958259008e-02,8.587945185571127515e-03,4.412924797876074945e-02,4.154741529978672049e-02,7.802586341981792954e-03,8.111418563661135228e-02,4.076459417385051853e-02,-2.854478444934993066e-03,-7.236333106428394918e-03,4.059374240438027269e-03
-2.536558580138779939e-02,-1.597827276962938275e-03,4.668711335758747583e-02,3.830758588702672628e-03,-1.288100968848439115e-03,4.788234237466293397e-02,4.280838182183938079e-02,7.454655757636406005e-03,8.264766756107098803e-04,-7.664125103497319152e-03
-1.588534783700027569e-02,1.966538222267274691e-02,8.845029632059572822e-02,5.225702014156568403e-02,2.781046844310417279e-02,7.257344041660619693e-02,8.334235462396369365e-02,4.395006350070024270e-02,-2.406001235658201259e-02,6.299686442008660230e-03
-1.741658461792516821e-02,-1.720658005103369720e-02,3.926978374439017011e-02,3.730546953679016176e-02,3.497510932866848554e-02,4.870525897227977880e-02,4.145071621353721425e-02,1.657953427771152732e-02,4.818623547951301697e-03,4.450848161864239439e-04
-1.826269426347345431e-02,1.369159374399031960e-03,3.726919515221631396e-02,2.024220123036744520e-02,-3.898791935413352221e-03,5.546725326264753675e-02,5.360227492214379719e-02,1.974819093398143266e-02,-6.620900925365665046e-03,5.180473211829452092e-03
-3.300238977595099099e-02,-1.625720307709407897e-02,-5.881324920252894300e-02,-7.194081946868137456e-02,4.135210354079781048e-02,-8.692925226435704866e-01,-3.018633267501393599e-03,-2.920695331230225081e-02,-6.164814234913099100e-02,-4.544013412674439284e-03
-8.877509365965253335e-03,-1.276977215199764752e-02,3.742205024015810705e-02,1.331529518599947753e-02,1.739728278573482445e-02,4.574309188009640509e-02,3.912277538512880931e-02,4.837460664988527809e-03,-9.203284776949061455e-03,-2.591216403609640419e-03
6.950698129443886979e-03,-5.117815376182899972e-02,1.314691860306284148e-02,1.750767381510637821e-01,1.993661773492053646e-01,2.256101481651529572e-01,5.360574545096493532e-02,-2.834773150185293522e-02,-1.249028785932900648e-01,-7.784134812643214718e-02
7.734630176705153959e-02,8.229487181470948598e-02,1.478931168544360582e-02,3.791034043886290505e-01,3.103442054930674043e-01,1.340131209478673258e-01,1.134992618807886405e-01,4.720645633671876479e-02,-3.551070819505073445e-02,-1.108496154607886697e-01
-3.838832945538255253e-03,3.673893404229859778e-03,7.665510618867103776e-02,2.262815387404697523e-02,-9.740748164282241051e-03,1.119750679028687357e-01,9.341641259633337580e-02,1.521617294683756498e-02,-1.832120483818845680e-03,-3.415414439375349942e-02
-5.469931212146456750e-02,-3.585252836937478926e-02,-2.524369551342178775e-02,2.299355329995033392e-01,1.928419530418159222e-01,2.077973154030561820e-01,2.472791170222187612e-02,2.398622772561418218e-02,-1.255269253365030313e-01,-6.213402931310225280e-02
9.326371624628536578e-04,1.578582482911212656e-02,1.204254122271840172e-01,3.546633787536284527e-02,2.281156870194153696e-02,1.568817523658170010e-01,9.647808536754101660e-02,2.179754474628025143e-02,-8.596056973300457427e-02,-1.378741322231477433e-02
5.865580876349756750e-02,6.792324476977991410e-02,2.512119455263760008e-03,2.183844018277026067e-01,2.831157815231971075e-01,7.745441205514765060e-02,7.492212332232724148e-02,9.124711560521223119e-02,-8.014353859344465481e-03,-6.021540482964228211e-03
1.278456604253745167e-02,2.789718586338516687e-02,1.328368025175540867e-01,9.251177257060155812e-02,-4.604256484913087782e-02,3.234089817432634906e-01,4.524487613403457148e-02,9.910972804559464722e-03,-9.722685188443180859e-02,-3.853636110770243539e-02
-7.555032241518052673e-03,4.920552415117292883e-02,5.562980654582689449e-02,8.003046341714227518e-02,1.426784014855266292e-01,1.675125584802306111e-01,1.347869021637894404e-01,3.286907733161799350e-02,-6.005327894994182125e-02,-2.436130173146505706e-02
-3.374909775959621366e-03,-5.856344603384527198e-02,1.900629441939250333e-02,1.723926881581536452e-01,1.336342015950691686e-01,2.084719784118563013e-01,2.379656190036056468e-02,7.569745536522531904e-02,-1.084732098123377120e-01,-3.085187760514358085e-02
-5.327067141768977721e-02,1.683623099475319018e-02,1.075226071303751890e-01,2.753567455028968491e-02,6.172934303285675106e-02,1.025449271673348761e-01,1.879904455276589989e-02,2.606423778445868256e-02,-8.275316851089296877e-02,8.780898581582725210e-03
-2.826069013021119750e-02,-5.821692226427080050e-03,1.002578062680800491e-01,1.149562588812091772e-02,2.362492241840883841e-02,1.175145198033599736e-01,7.152134868902140785e-02,4.081636662138189708e-02,-1.111223324195738556e-02,-3.009094517313011530e-02
-5.029205643011819271e-02,2.430089580864910892e-02,1.268181272588811415e-01,5.157821831804974833e-02,1.422642420831329857e-01,1.916140414028096595e-01,3.054734588439481091e-02,3.065626177781567360e-02,-1.426955008174279893e-01,-2.270853409996281911e-03
-4.246825493691160081e-02,-2.450474759746249995e-02,1.669114339608442077e-02,8.862909898702918399e-02,1.063644519567322894e-01,9.426691675400487858e-02,1.110278356468417660e-01,5.776366207393914681e-02,-7.658057387789181381e-02,-2.391791559247482754e-02
3.980875865775578698e-02,1.342305835651685098e-01,7.828047349861970428e-02,3.327818597014118862e-01,2.090028034559371639e-01,2.048474069537550846e-01,6.489781457753056315e-02,1.640123783660657128e-02,-1.395701026736096972e-01,-2.308694952323224817e-02
1.065413055342027786e-02,-1.438377957542973746e-03,1.311485368131822260e-01,4.442832171110571576e-02,5.025356931170016361e-02,1.320436592553535238e-01,3.222800170399953840e-02,2.314712663498676506e-02,-3.783718159530342906e-02,9.598923827666847042e-03
-6.282440089263111038e-03,-1.227318800836837108e-02,4.326574986764524650e-02,1.404815670002971389e-02,7.912934500467328977e-03,5.562577975447038914e-02,7.070461796654886610e-02,1.902917976850176246e-02,1.124102101482783896e-02,-2.402250621796571395e-02
3.232118558400918357e-02,4.898802730790213084e-02,1.121288450900235567e-03,1.718182884891188977e-01,9.317507007414738140e-02,2.483178842312671886e-01,1.711213573251382514e-01,1.996664120631773051e-02,-2.168849541943064507e-02,-2.190362224215501238e-02
5.665744112793667971e-03,4.442692416172608350e-03,7.140074918838851259e-02,1.731632866898962300e-02,6.759058737598287736e-02,1.298711145902342046e-01,8.545142712795679441e-02,3.177571430545295811e-02,-3.463971462486770125e-02,-4.209773409461601418e-02
4.572332373438647846e-02,-2.048026110710429379e-02,-2.773371701962233371e-01,-1.754883309162570404e-01,3.796101653257519942e-02,-5.583532203305071606e-01,-1.623373686149701817e-02,6.285720262749311393e-02,6.922372949112787222e-02,-4.798714168238655403e-02
-4.588578215296623686e-02,-7.195955100064117815e-02,-1.928128006797265870e-01,-1.758866485108235289e-01,-5.098679324760002629e-01,-1.315916452907884560e-01,-1.712106841506642885e-01,-1.424272102191993239e-01,-7.094246118659515432e-02,-6.509608022578755593e-02
-5.233308604309913625e-02,-1.388615898618885958e-01,-1.329306952835387634e-01,-2.492461429815400753e-01,-4.528525223098456842e-01,-2.374155119864360119e-01,-1.533425438710753486e-01,-1.228820208817033022e-01,-1.032103241135575999e-01,-2.521070612124418769e-02
-4.070659688099178414e-02,-9.002870361595759208e-02,-1.449774467418939727e-01,-2.117361580481822714e-01,-5.164007912223799179e-01,-7.962052065954489111e-02,-1.313955871422017307e-01,-1.836755109208086933e-01,-1.453174638810280361e-01,2.553983847475285382e-03
-3.059916019466550965e-02,-1.030961516323796179e-01,-1.610769114695926804e-02,-5.370026167922511279e-02,-5.560330015973506956e-01,-7.958413779842390956e-02,-1.957154701187306944e-01,-1.963004467355929927e-01,-1.225741193486461073e-01,-1.666123028187256952e-02
-8.011032552787557270e-02,-1.172018860208440677e-01,-2.275029120819889172e-01,-1.914874138005721593e-01,-4.180710692340340873e-01,-1.856621845020060002e-01,-1.118497168672803327e-01,-1.736313052226469977e-01,-6.966304023308768356e-02,-1.035374122204694020e-01
-6.816086945755510211e-03,-1.024521761058927727e-01,-6.869872497603449202e-02,-1.110502289091934991e-01,-1.759253609717898598e-02,-7.375043479198766239e-01,-4.289865915721811224e-02,-4.527486750482027228e-02,-3.726747797041377736e-02,-2.314195695847572412e-02
5.879667619093421893e-02,2.012516930065004830e-02,-1.929032591554128706e-01,-2.421064088886679122e-01,-2.620740243923397328e-01,-4.132378918331600093e-01,-3.343124749375381982e-02,-2.132779483043679286e-02,-2.471069237275221389e-02,-4.339347155794363170e-02
-2.513142826087842036e-02,-7.825194698389974224e-02,-1.271704021355682390e-01,6.686002717736691178e-03,-2.472301374336390977e-03,-7.353060525104896383e-01,-1.376776880340852549e-01,-2.329248687602750861e-02,-6.298215868946592001e-03,-7.107177444623537232e-02
-4.349369469833746366e-02,-1.030210737205400767e-01,-3.903513639372958172e-02,-3.667403959582914846e-02,-7.007177898514348469e-01,-9.039910864754566178e-02,-4.335281191532289191e-02,-1.095247932467960650e-01,-1.033342200768614938e-01,-7.286793222165033335e-02
-3.494058193358780956e-02,-7.566750891948803570e-02,-1.788139529319893450e-01,-2.542510051052846998e-01,-8.174264663993195679e-02,-9.175997448404316081e-02,-1.642927924770502257e-01,-4.264410548196635037e-02,-1.816883395419794933e-01,-1.725471505226937232e-03
-3.811509637524311545e-02,-5.609935332819200593e-02,-3.326990969157336137e-02,-5.901387109519102420e-02,-7.263253895243744485e-02,-7.413497784522009582e-01,-7.389467491830926937e-02,-7.180135794397890514e-02,-8.098560976406600498e-02,-9.933850979100929818e-03
-1.506801782618064599e-02,-5.876928299640741399e-02,-1.363013967306447860e-01,-5.437815657506211986e-02,-4.111458807519613803e-03,-7.182867286249687844e-01,-5.853320572099718344e-02,-1.015939649018540170e-01,-6.049183742296185273e-02,-1.746321022702184908e-02
3.984725177103569382e-03,7.475961330580710093e-03,-1.222301852193327931e-01,-2.008992504060893095e-02,-1.143508261616774518e-01,-6.703191890069213343e-01,-1.144780728838789841e-01,-1.239993504262227458e-01,-8.433737056020956802e-02,-4.544491777794180953e-02
-1.141469444632172391e-02,-1.638076671227418554e-02,-1.549804536965755097e-01,-4.672933232973761758e-02,-1.129973477612748051e-01,-5.331597010298534389e-01,-3.290176708150537310e-01,-3.645658240404284905e-02,-4.216742249562099865e-02,-2.793044587906255358e-02
-4.962621205851814460e-02,-1.528167680867948963e-01,-2.688851332293779040e-01,-1.521472428195326798e-01,-2.470530885396585719e-01,-3.343982336228780161e-01,-4.020105356593237783e-02,-8.314364211206939914e-02,-1.152211549726396417e-01,-1.099393817590797046e-01
5.910470295309608324e-02,-1.910963263622216524e-01,-1.941476869533649285e-01,-1.250381277279336290e-01,4.857815579594570304e-02,-4.183287669682793641e-01,-8.909282963455434495e-03,8.990581160618263791e-05,4.215349201394991141e-02,4.245104549683144379e-02
-2.685427013199660762e-02,-4.105364249162147400e-02,-2.472788683955789713e-01,-2.917739317078280603e-01,-4.239785904029382824e-01,-1.476695601674641034e-01,-1.237895961715134718e-01,-1.666368689512698620e-01,-1.055504072925787934e-01,-5.298140450170519405e-02
1.502401179781762998e-02,-6.513358298652986711e-02,-1.071607350918297868e-01,-3.880127122457089905e-01,-4.133949004069834010e-01,-2.369235106906232013e-01,-5.884086008582886662e-02,9.806020155090033885e-02,-4.855863203289221414e-02,7.193746383406638897e-03
-3.587530645970234827e-02,-8.537140350689935431e-02,-1.655057107597502630e-01,-1.212394976986746892e-01,2.035132043677257557e-02,-6.575904409612156609e-01,-2.567822175310617225e-02,-5.398812686958288920e-02,-4.460778025636988331e-02,-3.051220642069671016e-02
-5.320578475435325250e-02,-1.155656259792272877e-01,-1.845851432660718661e-01,-4.856413231231390126e-01,-1.564224968308485508e-01,-2.148594045610883185e-01,-1.202901006176922138e-01,-9.821941091071063890e-02,-1.116137954667377891e-01,-7.423404290576837705e-02
-6.215604801510203614e-02,-7.267654407843568420e-02,-1.672152910747144172e-01,-1.934383486908033689e-01,-9.711823933479121762e-02,-2.968973351006259920e-01,-1.950061583770279494e-01,-1.541872886635531070e-01,-5.515915018908598699e-02,-1.092938792882562904e-01
-6.401517767054096253e-02,-1.371018934388324728e-01,-2.391510582317112332e-01,-5.409901528377329960e-01,-1.435436909524451798e-01,-1.406396813273977087e-01,-1.467861810261245070e-01,-6.605138053970079082e-02,-6.912384286100574371e-02,-3.812404636773228384e-02
-9.976625508866018843e-02,-5.729229860753161374e-02,-1.976452434518382872e-01,-2.021289964611564793e-01,-8.654833755649649074e-02,-3.924509760208551579e-01,-2.426136643952424288e-01,-1.079688921047174122e-01,-6.844458531384495226e-02,-7.881267828781159113e-02
-7.772912888278200871e-02,-4.770047890967554771e-02,-7.806101060629475064e-02,-3.388946261752164707e-02,-4.364482821943866525e-02,-7.673217239589147365e-01,1.095144627255729280e-02,-9.308437212651825277e-02,-4.362230392231752907e-02,-5.506782779743971817e-02
-2.629560716316637140e-02,-4.001976979030062720e-02,-3.551385594485384489e-02,-1.575072949947559919e-01,-8.092910792982214996e-02,-3.534078155353195805e-02,-6.921890748216873446e-01,-7.871232559287510977e-02,-6.714221237329644210e-02,2.868412876249460015e-03
-4.139371360549027462e-02,-1.109739596209268347e-01,-2.135461553602284734e-01,-2.564853105190260107e-01,-4.007989912922444581e-02,-1.285194834014848630e-01,-4.030326582141318115e-01,-1.079151064548756755e-01,6.465555860151743495e-02,-1.369267984362566304e-01
-1.627455624130206280e-01,-1.819631412055384423e-01,-1.848148763445556508e-01,-1.323298847690667357e-01,-4.244373089578302172e-01,-1.357615595117555030e-01,-1.664714770504328589e-01,-1.312568747350663922e-01,-1.035260704326632780e-01,-2.565820905020786691e-02
-6.681371895431240104e-02,3.321060207869003938e-02,-1.631836013078752090e-01,-2.318490591906476883e-01,-9.812954333670918794e-02,-7.741333328296644278e-02,-5.379660325074805405e-01,-7.976004281650372896e-02,1.873000101684811625e-02,-4.254316211499360040e-02
-4.344405429259466656e-02,-3.390036402072830329e-02,-2.384077637113896364e-01,-3.279015779928940444e-01,-1.233270476665564441e-01,-4.848574924585060536e-02,-4.520395425527167221e-01,-4.680769340690695002e-02,-2.823613798844650316e-02,-5.129123261454612837e-02
-4.589134900404811396e-02,-6.495875354723401607e-02,-1.655584707261603117e-01,-1.883148396655186241e-01,1.387612099655209999e-02,-4.272116027562906093e-01,-2.223491141946770666e-01,-1.469205778769522297e-01,-5.962128704254000128e-02,-9.045939494951096838e-02
-1.170308780310799629e-01,-2.144611510554390865e-02,-2.312526501372655016e-02,-2.000948659674679220e-01,-1.599967828017990201e-01,-4.539315044292466933e-02,-5.559078655781609646e-01,-1.218990353396471604e-01,-2.732050859547339311e-02,-1.001480654137602289e-01
-1.168529548586144384e-01,-7.588048887286411026e-02,-1.466633779146315486e-01,-5.570368951960396470e-02,-5.644176352695327165e-02,-6.394156472338794472e-01,-4.745816280919207958e-02,-1.097200702586837162e-01,-9.423692127693461540e-02,-5.617322998407684592e-02
-4.205709270335288713e-02,-6.686192031734793095e-02,-5.646670581130178168e-02,-4.494424551949489227e-02,-1.783171462911148017e-02,-8.009910996300242947e-02,-7.638378191750736512e-01,-7.874089070629261555e-02,-8.815551137863475575e-06,-4.210331353753655158e-03
-9.606659301867097323e-02,-3.347684800374488290e-02,-6.889334434809789298e-02,-1.158095918283908177e-01,-1.669509773332094466e-02,-6.961803633150677184e-01,-3.513972888289897123e-02,-1.230962991244408111e-01,-8.887639801888828905e-02,-3.525818599194810443e-02
-9.380539059090649279e-02,-1.621614197294887760e-02,-1.544946604879722241e-01,-2.540287596643794887e-01,-1.527970391571083497e-01,-3.089463698574850675e-02,-3.440513864721248538e-01,-2.779960394834751769e-01,-5.223859393662005218e-02,-8.580473011662716198e-02
-7.573158965780713014e-02,-5.582265933034976507e-02,-1.730766212889938982e-01,-7.096938148431725102e-02,5.190460441760398266e-03,-2.813748610436882583e-02,-6.973525420901042216e-01,-2.273324018036355226e-02,2.380367898647347061e-02,-8.709657790132351030e-02
-5.071371633572051285e-02,-7.241043594389273697e-02,-1.898254372680552859e-01,-5.413389472316003648e-01,-8.099056817342543957e-02,-9.209681026912441837e-02,-1.422046485128360960e-01,-1.536969490693733675e-01,-1.493666907402214361e-01,-3.049764265072159655e-02
-7.504028937735025828e-02,-1.030390885681899266e-01,-1.956886073885721611e-01,-6.437455286826687662e-02,5.149134996809300036e-02,-2.157388278916271551e-01,-4.655474613259637517e-01,-1.704867114703864650e-01,-6.411885636872331762e-02,-7.114746125383197839e-02
-6.108252615864594171e-02,-1.540631921903077017e-01,-1.387433118545838562e-01,-1.149137157318196600e-01,-4.422084860893841785e-01,-1.167885980567968107e-01,-1.962543597364890535e-01,-2.618845264657415073e-01,-1.188048596040161831e-01,-5.203839325095959562e-02
-7.141788617864576819e-03,-1.140779238764681597e-01,-1.804686036579599417e-01,-1.636844443635390445e-01,-3.378813763050853014e-02,-5.614239269246420472e-01,-1.954852155336883612e-01,-7.047030608930017481e-02,-8.242913782858071747e-02,-2.646586193498333406e-02
-4.361859141869235679e-02,-6.942240307892419415e-02,-5.194858210623797684e-02,-9.334875871771067257e-02,9.126057234138165719e-02,-8.033995770516288992e-02,-5.883371513389662466e-01,8.535953807598083143e-02,3.565198041028484754e-02,-1.015018181878360737e-01
-8.056125736725699982e-02,1.868099524082758589e-02,-4.195569142107591354e-02,-3.170726206661466096e-01,-1.279595584564230670e-01,-4.877946442485547318e-01,-1.449406891053431345e-01,-4.868740136855209677e-02,-9.494058819312584108e-02,-1.017986028036594638e-02
-7.974385548171589178e-02,-1.298096383194759229e-01,-8.814176074367868763e-02,-9.078096638029535537e-02,-5.182384654604283991e-01,-4.340375030605993223e-02,-3.393771403700989175e-01,-2.322904668846179424e-02,-3.564548953810203064e-02,-3.555812854827103409e-02
-1.925726140167230080e-02,-1.134123163355344743e-01,-2.775388571417886641e-01,-1.945193747288517239e-01,-8.257638504002025315e-02,-4.042992555705649527e-01,-1.618183566340075652e-01,-6.480777776352764086e-02,-1.749699222655965586e-02,-1.236069049935144271e-01
-8.429427494873148463e-02,-1.176256879637840730e-01,-1.785783262773396052e-01,-2.470256099706008013e-01,-1.362707698277647317e-01,1.207507319714905270e-01,-4.175317139724317728e-01,6.034299770045310068e-02,-7.843878185703374861e-03,-7.276040281770732032e-02
-3.081489709313518094e-02,-8.399394922205463687e-02,-1.484691903294448334e-01,-1.637046065068144263e-01,-8.133144694502639216e-02,-5.049835667406250561e-01,-5.018127839374258992e-02,-3.427683510890231627e-02,-1.081023108076655803e-01,-1.255417781295785906e-01
-6.435276041383776457e-02,-1.240089894700502071e-01,-2.033354554087250521e-01,-2.623266310684970737e-01,-7.210240172818231652e-02,-4.196930551808948917e-01,-9.754367209732671407e-02,3.543652469240113345e-02,3.240144628907148244e-02,-5.988725895760023399e-02
-7.368430811523267454e-02,-1.866087917996518131e-01,-3.211592441861442215e-01,-2.597511897322041796e-01,-8.941870329563811337e-02,-1.421350994982900073e-01,-1.749789651683537617e-01,3.698195159959618422e-02,5.576118686726233564e-02,2.401635093465719593e-03
7.846381944784246859e-03,-1.209009041797895340e-01,-1.545286770710184721e-01,-1.477710966801158154e-01,-1.174749093685131807e-01,-4.515484558675493254e-01,-8.115071142975575913e-02,-1.650450564175355850e-01,-6.827802257081251602e-02,-1.875002432135593894e-02
-1.010040682384828331e-01,-6.797455909175263711e-02,-1.184098120355447648e-01,-1.055763155137464937e-01,-7.286113659695712952e-02,-6.623341145620560699e-02,-6.204831875107822414e-01,-6.627352433001360010e-02,-1.145972771209604613e-01,-7.635750303046275056e-02
-9.404122191222928639e-02,-5.903104074425225001e-02,-1.240006089247422394e-01,-4.978084538071660126e-02,-2.123582758082254163e-02,-7.623846403871538113e-01,-2.349632660866305626e-03,-2.945558519859626037e-02,-2.419261606043327656e-02,-6.793531475847777723e-02
-1.616185713971092508e-02,-1.457775299818389880e-01,-7.074019082375462841e-02,-4.427067636930186872e-02,-4.049857449152722833e-01,-3.561337830298197393e-01,6.981677775660305452e-03,-4.542692358233546557e-02,-1.201036075844736511e-01,-2.242311718541806914e-02
-5.344332628063167001e-02,-8.492734276002389393e-02,-2.322386783308238445e-01,-2.463542369820404254e-01,-8.087986778035741176e-02,-3.227818965850121624e-01,-2.080299387117508780e-01,-1.059230005238079586e-01,-8.501301686988126105e-02,-4.959900629433491859e-02
-3.815759468998538434e-02,-1.363752374598053430e-01,-9.072807001898779145e-02,-5.009067780197600656e-02,-2.640156605631588035e-02,-5.674904896582824154e-01,-1.482284293657037122e-01,-4.261982047598181222e-02,-1.617210397596444832e-02,-1.327736599491060321e-01
-2.680202681104048787e-02,-1.300150109811437915e-01,-1.011175274821338593e-01,-1.064066374703191015e-01,-3.562934763924281711e-02,-5.369143266324052366e-01,-1.531219713880790090e-01,-3.152427777705495843e-02,-3.850640604785598997e-02,-1.612532043953558425e-01
-4.926641385922152921e-02,-8.310701482807771046e-02,-1.906660514478616952e-01,-2.023294352648598304e-01,-3.019223032080030344e-02,-4.144057049593907194e-01,-3.033678774452747695e-01,2.876248515077947307e-02,-5.494172496680880396e-02,-9.636669756994835356e-02
-3.911483537280843054e-02,-1.341347801403004747e-01,-2.528569504349813535e-01,-2.074731082191417220e-01,-8.571607479698470367e-02,-4.040473203162213145e-01,-1.609545203311380235e-01,-9.277053974027917038e-02,-6.169019938315192103e-02,-7.207194646152620399e-02
-1.118577560524893211e-01,-2.887698195265283457e-02,-1.401071504233387943e-01,-2.040384354000338851e-01,-5.065174274095598367e-02,-3.627458512906180377e-01,-1.612248700309348581e-01,-1.189510443854330940e-01,-7.677025964021018389e-02,-8.982454366067203766e-02
-8.239146408060193938e-02,-5.121919177473883283e-02,-1.096335248015312264e-01,-9.905199183255011808e-02,-4.572054126396238316e-02,-1.108244174642508267e-01,-6.192675859604760413e-01,-8.859968117192644488e-02,-5.876891142311619493e-02,-7.764249791129138045e-02
